image: map.png
resolution: 0.040000
origin: [-10.260000, -20.500000, 0.000000]
negate: 0
occupied_thresh: 0.65
free_thresh: 0.196

